8,0,39.0,31.0,[[ 0.88920122]]
8,8,39.0,39.0,[[ 0.63120091]]
24,8,55.0,39.0,[[ 0.93009228]]
64,24,95.0,55.0,[[ 0.98269159]]
88,24,119.0,55.0,[[ 0.61816531]]
64,32,95.0,63.0,[[ 0.99753368]]
88,32,119.0,63.0,[[ 0.95896852]]
0,48,31.0,79.0,[[ 0.94610596]]
0,56,31.0,87.0,[[ 0.94114161]]
72,56,103.0,87.0,[[ 0.70651597]]
8,64,39.0,95.0,[[ 0.82566381]]
16,64,47.0,95.0,[[ 0.9940111]]
48,64,79.0,95.0,[[ 0.99536586]]
64,64,95.0,95.0,[[ 0.99971634]]
72,64,103.0,95.0,[[ 0.98179621]]
80,64,111.0,95.0,[[ 0.99981791]]
0,72,31.0,103.0,[[ 0.78744149]]
0,88,31.0,119.0,[[ 0.64543754]]
24,88,55.0,119.0,[[ 0.9354853]]
32,88,63.0,119.0,[[ 0.99267209]]
40,88,71.0,119.0,[[ 0.81954432]]
56,88,87.0,119.0,[[ 0.98696005]]
80,88,111.0,119.0,[[ 0.72219241]]
